1 4.608 97145 7274.225477000073 1 10 151122 91238 0.6037373777477799
0 4.608 97145 0.0030156035420004627 1 10 0 0 0
1 4.608 97145 7262.813616998756 0 10 151122 91268 0.6039358928547796
0 4.608 97145 0.0030157166459994188 0 10 0 0 0
1 1.728 71018 6360.50936600077 1 11 151122 85302 0.564457855242784
0 1.728 71018 0.0021296780800003036 1 11 0 0 0
1 1.728 71018 6517.436878000808 0 11 151122 85426 0.5652783843517158
0 1.728 71019 0.002109530824000103 0 11 0 0 0
1 0.72 57201 6141.98535000105 1 12 151122 80122 0.5301809134341791
0 0.72 57201 0.0017433113099996262 1 12 0 0 0
1 0.72 57201 6155.629447001047 0 12 151122 80466 0.5324572199944416
0 0.72 57201 0.0017511502170000312 0 12 0 0 0
1 0.336 49059 6220.301694000227 1 13 151122 76422 0.5056973835708898
0 0.336 49059 0.0015986396349999268 1 13 0 0 0
1 0.336 49059 6155.829569999696 0 13 151122 77244 0.51113669750268
0 0.336 49059 0.0015661556520008162 0 13 0 0 0
1 0.192 43716 6337.680587999785 1 14 151122 73360 0.48543560831645954
0 0.192 43717 0.0014949733419998665 1 14 0 0 0
1 0.192 43728 6355.296808000276 0 14 151122 75190 0.49754502984343774
0 0.192 43728 0.0015009707619992696 0 14 0 0 0
1 0.144 40416 6403.529667000839 1 15 151122 71004 0.46984555524675425
0 0.144 40416 0.0014592704590013455 1 15 0 0 0
1 0.144 40428 6471.187604000079 0 15 151122 74850 0.4952951919641085
0 0.144 40429 0.0014929903159991227 0 15 0 0 0
1 1.584 32683 58736.05974300153 1 10 999738 30664 0.030672036073451245
0 1.584 32683 0.00209408045499913 1 10 0 0 0
1 1.584 32683 58554.917194000154 0 10 999738 30694 0.030702043935511104
0 1.584 32684 0.0021658724089993484 0 10 0 0 0
1 0.576 21796 79108.1875029995 1 11 999738 26004 0.026010814833486374
0 0.576 21796 0.0016477919230001134 1 11 0 0 0
1 0.576 21796 79052.0276520001 0 11 999738 26128 0.02613484733000046
0 0.576 21797 0.001700335305000408 0 11 0 0 0
1 0.24 16097 113050.62979700051 1 12 999738 22276 0.02228183784151448
0 0.24 16097 0.0014378318990002298 1 12 0 0 0
1 0.24 16091 112784.80115100137 0 12 999738 22612 0.022617925896584904
0 0.24 16091 0.0014187368509992666 0 12 0 0 0
1 0.144 13285 146548.359882001 1 13 999738 19940 0.01994522564912007
0 0.144 13285 0.0013107994530000724 1 13 0 0 0
1 0.144 13289 146994.83012199926 0 13 999738 20768 0.020773442641972197
0 0.144 13289 0.0013721972579987779 0 13 0 0 0
1 0.096 11416 191638.110889 1 14 999738 17724 0.0177286449049651
0 0.096 11417 0.0012483175460001803 1 14 0 0 0
1 0.096 11407 191131.41190199894 0 14 999738 19516 0.019521114532007385
0 0.096 11407 0.0012690284620002785 0 14 0 0 0
