1 4.608 97145 7.274225477000073 1 10 151122 91238 0.6037373777477799
0 4.608 97145 3.0156035420004628 1 10 0 0 0.0
1 4.608 97145 7.262813616998756 0 10 151122 91268 0.6039358928547796
0 4.608 97145 3.0157166459994187 0 10 0 0 0.0
1 1.728 71018 6.36050936600077 1 11 151122 85302 0.564457855242784
0 1.728 71018 2.1296780800003035 1 11 0 0 0.0
1 1.728 71018 6.517436878000808 0 11 151122 85426 0.5652783843517158
0 1.728 71019 2.109530824000103 0 11 0 0 0.0
1 0.72 57201 6.14198535000105 1 12 151122 80122 0.5301809134341791
0 0.72 57201 1.7433113099996262 1 12 0 0 0.0
1 0.72 57201 6.155629447001047 0 12 151122 80466 0.5324572199944416
0 0.72 57201 1.7511502170000313 0 12 0 0 0.0
1 0.336 49059 6.220301694000227 1 13 151122 76422 0.5056973835708898
0 0.336 49059 1.5986396349999268 1 13 0 0 0.0
1 0.336 49059 6.155829569999696 0 13 151122 77244 0.51113669750268
0 0.336 49059 1.5661556520008162 0 13 0 0 0.0
1 0.192 43716 6.337680587999785 1 14 151122 73360 0.48543560831645954
0 0.192 43717 1.4949733419998665 1 14 0 0 0.0
1 0.192 43728 6.355296808000276 0 14 151122 75190 0.49754502984343774
0 0.192 43728 1.5009707619992696 0 14 0 0 0.0
1 0.144 40416 6.403529667000839 1 15 151122 71004 0.46984555524675425
0 0.144 40416 1.4592704590013454 1 15 0 0 0.0
1 0.144 40428 6.471187604000079 0 15 151122 74850 0.4952951919641085
0 0.144 40429 1.4929903159991227 0 15 0 0 0.0
1 1.584 32683 58.73605974300153 1 10 999738 30664 0.030672036073451245
0 1.584 32683 2.09408045499913 1 10 0 0 0.0
1 1.584 32683 58.554917194000154 0 10 999738 30694 0.030702043935511104
0 1.584 32684 2.1658724089993484 0 10 0 0 0.0
1 0.576 21796 79.1081875029995 1 11 999738 26004 0.026010814833486374
0 0.576 21796 1.6477919230001135 1 11 0 0 0.0
1 0.576 21796 79.0520276520001 0 11 999738 26128 0.02613484733000046
0 0.576 21797 1.700335305000408 0 11 0 0 0.0
1 0.24 16097 113.05062979700051 1 12 999738 22276 0.02228183784151448
0 0.24 16097 1.43783189900023 1 12 0 0 0.0
1 0.24 16091 112.78480115100137 0 12 999738 22612 0.022617925896584904
0 0.24 16091 1.4187368509992666 0 12 0 0 0.0
1 0.144 13285 146.548359882001 1 13 999738 19940 0.01994522564912007
0 0.144 13285 1.3107994530000724 1 13 0 0 0.0
1 0.144 13289 146.99483012199926 0 13 999738 20768 0.020773442641972197
0 0.144 13289 1.3721972579987778 0 13 0 0 0.0
1 0.096 11416 191.638110889 1 14 999738 17724 0.0177286449049651
0 0.096 11417 1.2483175460001803 1 14 0 0 0.0
1 0.096 11407 191.13141190199894 0 14 999738 19516 0.019521114532007385
0 0.096 11407 1.2690284620002785 0 14 0 0 0.0
1 0.096 11416 191.2375041209998 1 15 999738 17724 0.0177286449049651
0 0.096 11417 1.2577379059985105 1 15 0 0 0.0
1 0.096 11407 191.2958889769998 0 15 999738 20910 0.0209154798557222
0 0.096 11407 1.2399948370002676 0 15 0 0 0.0
1 215.808 4597831 434.4118891819998 1 10 6220938 4320096 0.6944444712356882
0 215.808 4597831 169.92227183799878 1 10 0 0 0.0
1 215.808 4597831 426.0879441260004 0 10 6220938 4320126 0.6944492936595735
0 215.808 4597831 169.08091299999978 0 10 0 0 0.0
1 88.512 3771845 393.75130817599893 1 11 6220938 4542496 0.7301947069718425
0 88.512 3771845 136.0711349079993 1 11 0 0 0.0
1 88.512 3771845 398.60322813399944 0 11 6220938 4542618 0.7302143181623093
0 88.512 3771845 135.90845650699885 0 11 0 0 0.0
1 36.096 3074049 369.74193836300043 1 12 6220938 4324598 0.6951681563134048
0 36.096 3074049 113.27300017 1 12 0 0 0.0
1 36.096 3074049 369.46396174599977 0 12 6220938 4324942 0.6952234534406226
0 36.096 3074049 112.32483900004 0 12 0 0 0.0
1 14.256 2419597 0.34369715598199946 1 13 6220938 3808850 0.6122629738473523
0 14.256 2419597 90193.07132899849 1 13 0 0 0.0
1 14.256 2419597 0.34427174355199897 0 13 6220938 3809670 0.6123947867668831
0 14.256 2419597 90554.1914459991 0 13 0 0 0.0
1 5.856 1979543 0.3367593646550013 1 14 6220938 3408606 0.5479247663294506
0 5.856 1979543 77214.80339700065 1 14 0 0 0.0
1 5.856 1979543 0.32873652407900045 0 14 6220938 3410414 0.5482153977422697
0 5.856 1979543 77334.59046700045 0 14 0 0 0.0
1 2.496 1665088 0.33238820611800113 1 15 6220938 3093928 0.49734107621712353
0 2.496 1665088 66856.34169499826 1 15 0 0 0.0
1 2.496 1665088 0.3294346863089995 0 15 6220938 3097750 0.49795545302010724
0 2.496 1665088 66735.34637799821 0 15 0 0 0.0
