1 1.488 30615 4.087838602999909 1 10 45451 28714 0.6317572770676113
0 1.488 30615 1.382335106998653 1 10 0 0 0.0
1 1.488 30615 4.118161309001152 0 10 45451 28744 0.632417328551627
0 1.488 30616 1.3816647490002651 0 10 0 0 0.0
1 0.576 21960 3.6073137519997545 1 11 45451 26230 0.5771050141911069
0 0.576 21960 1.0203792309985147 1 11 0 0 0.0
1 0.576 21960 3.656721874000141 0 11 45451 26352 0.5797892235594376
0 0.576 21960 0.997908985000322 0 11 0 0 0.0
1 0.288 17678 3.4590923260002455 1 12 45451 24268 0.5339376471364766
0 0.288 17679 0.823161837999578 1 12 0 0 0.0
1 0.288 17673 3.3072372160004306 0 12 45451 24604 0.5413302237574531
0 0.288 17673 0.824688407999929 0 12 0 0 0.0
1 0.144 14752 3.219667006000236 1 13 45451 22324 0.4911663109722558
0 0.144 14752 0.7062154239993105 1 13 0 0 0.0
1 0.144 14726 3.2528893960006826 0 13 45451 23104 0.5083276495566654
0 0.144 14726 0.6912082329999976 0 13 0 0 0.0
1 0.096 12963 3.0872711219999474 1 14 45451 20430 0.44949506061472794
0 0.096 12963 0.6165629400002217 1 14 0 0 0.0
1 0.096 12936 3.097668495000107 0 14 45451 22192 0.4882620844425865
0 0.096 12936 0.6270808869994653 0 14 0 0 0.0
1 0.096 12963 3.1085204609989887 1 15 45451 20430 0.44949506061472794
0 0.096 12963 0.6245404910005163 1 15 0 0 0.0
1 0.096 12936 3.117133402000036 0 15 45451 23778 0.523156806230886
0 0.096 12936 0.6368613769991498 0 15 0 0 0.0
1 10.56 223382 29.042575825000313 1 10 320610 209666 0.6539596394373226
0 10.56 223383 10.047735813001054 1 10 0 0 0.0
1 10.56 223382 29.033522551000715 0 10 320610 209694 0.6540469729577992
0 10.56 223382 10.070457992998856 0 10 0 0 0.0
1 3.84 160351 25.500724539999283 1 11 320610 192768 0.6012538598296996
0 3.84 160351 7.258761267001319 1 11 0 0 0.0
1 3.84 160351 25.55987488500068 0 11 320610 192892 0.6016406225632388
0 3.84 160352 7.344078039999658 0 11 0 0 0.0
1 1.584 127843 23.81970019900109 1 12 320610 179228 0.5590218645706622
0 1.584 127843 5.921107797999866 1 12 0 0 0.0
1 1.584 127923 24.12160146899987 0 12 320610 179692 0.5604691057671314
0 1.584 127923 5.864292661000945 0 12 0 0 0.0
1 0.72 107005 22.355804972999977 1 13 320610 167282 0.5217616418701849
0 0.72 107005 4.986527291999664 1 13 0 0 0.0
1 0.72 107107 22.491909160999057 0 13 320610 168270 0.5248432675212875
0 0.72 107107 5.092366779999793 0 13 0 0 0.0
1 0.336 92693 21.59878249200119 1 14 320610 157736 0.49198714949627276
0 0.336 92693 4.531486449999647 1 14 0 0 0.0
1 0.336 92715 21.61784167099904 0 14 320610 159584 0.4977511618477278
0 0.336 92715 4.464260828000988 0 14 0 0 0.0
1 0.192 82165 21.657131736999872 1 15 320610 148808 0.464140232681451
0 0.192 82165 3.973172455000167 1 15 0 0 0.0
1 0.192 82197 21.077129630000854 0 15 320610 152690 0.47624840148466985
0 0.192 82197 4.035758963000262 0 15 0 0 0.0
1 0.624 11526 1.400948877000701 1 10 16904 10568 0.6251774727875059
0 0.624 11527 0.5145468999999138 1 10 0 0 0.0
1 0.624 11523 1.404046030000245 0 10 16904 10594 0.6267155702792239
0 0.624 11524 0.4911736469985044 0 10 0 0 0.0
1 0.24 8053 1.2308495130000665 1 11 16904 9552 0.5650733554188357
0 0.24 8053 0.3576063750006142 1 11 0 0 0.0
1 0.24 8059 1.2451300550001179 0 11 16904 9684 0.572882158069096
0 0.24 8059 0.346414185998583 0 11 0 0 0.0
1 0.144 6608 1.154432982999424 1 12 16904 8806 0.5209417889256981
0 0.144 6609 0.28715529600049194 1 12 0 0 0.0
1 0.144 6608 1.151233576998493 0 12 16904 9150 0.541292001893043
0 0.144 6609 0.291138033999232 0 12 0 0 0.0
1 0.096 5662 1.1059542869988945 1 13 16904 7966 0.47124940842404167
0 0.096 5662 0.2526678690010158 1 13 0 0 0.0
1 0.096 5669 1.1132594859991514 0 13 16904 8798 0.5204685281590156
0 0.096 5669 0.2474796779988537 0 13 0 0 0.0
1 0.096 5662 1.0946383360005711 1 14 16904 7966 0.47124940842404167
0 0.096 5662 0.25129088799985766 1 14 0 0 0.0
1 0.096 5669 1.1087165509998158 0 14 16904 9476 0.5605773781353526
0 0.096 5669 0.25117969999882916 0 14 0 0 0.0
1 0.096 5662 1.1096398440004123 1 15 16904 7966 0.47124940842404167
0 0.096 5662 0.25916864200007694 1 15 0 0 0.0
1 0.096 5669 1.106393363999814 0 15 16904 10152 0.6005679129200189
0 0.096 5669 0.24750621599923764 0 15 0 0 0.0
