1 56.4 1200587 152.3722577039989 1 10 1756536 1127958 0.6421490934430037
0 56.4 1200587 55.054701841996575 1 10 0 0 0
1 56.4 1200587 151.4248863369976 0 10 1756536 1127988 0.6421661725122628
0 56.4 1200587 54.511568100999284 0 10 0 0 0
1 21.648 919943 138.72887928400087 1 11 1756536 1107636 0.630579731926929
0 21.648 919943 42.205727255000966 1 11 0 0 0
1 21.648 919943 137.91036101400096 0 11 1756536 1107758 0.6306491868085824
0 21.648 919943 42.058714227001474 0 11 0 0 0
1 9.264 782807 132.64432801699877 1 12 1756536 1100714 0.6266390213465594
0 9.264 782807 37.0973062310004 1 12 0 0 0
1 9.264 782807 132.9050749199996 0 12 1756536 1101058 0.6268348613407297
0 9.264 782807 38.31195801400099 0 12 0 0 0
1 4.128 695986 131.06414805900204 1 13 1756536 1095072 0.6234270177212423
0 4.128 695986 34.43366091799908 1 13 0 0 0
1 4.128 695986 130.61883186699924 0 13 1756536 1095892 0.6238938456143227
0 4.128 695986 34.375404171998525 0 13 0 0 0
1 1.92 637106 131.92629845100237 1 14 1756536 1095790 0.6238357767788419
0 1.92 637106 32.9718762199991 1 14 0 0 0
1 1.92 637106 131.57443049300127 0 14 1756536 1097600 0.6248662139574709
0 1.92 637107 33.16542864499934 0 14 0 0 0
1 0.912 588984 135.4276423889969 1 15 1756536 1091950 0.6216496559136847
0 0.912 588984 32.79639902100098 1 15 0 0 0
1 0.912 588984 135.15301999499934 0 15 1756536 1095772 0.6238255293372865
0 0.912 588984 32.83898891900026 0 15 0 0 0
1 6.768 143042 18.705971064999176 1 10 211952 134322 0.6337378274326263
0 6.768 143042 6.771129823002411 1 10 0 0 0
1 6.768 143042 18.711747901998024 0 10 211952 134352 0.6338793689137163
0 6.768 143042 6.655252462001954 0 10 0 0 0
1 2.64 110259 17.083665153997572 1 11 211952 132624 0.625726579602929
0 2.64 110260 5.232331408999016 1 11 0 0 0
1 2.64 110259 17.103271021002 0 11 211952 132746 0.6263021816260286
0 2.64 110259 5.23299036899698 0 11 0 0 0
1 1.2 94600 16.50339783399977 1 12 211952 132412 0.6247263531365592
0 1.2 94601 4.671495172002324 1 12 0 0 0
1 1.2 94600 16.52736558700053 0 12 211952 132756 0.6263493621197253
0 1.2 94601 4.635521886000788 0 12 0 0 0
1 0.576 85053 16.145565358001477 1 13 211952 132850 0.6267928587604741
0 0.576 85054 4.275764945999981 1 13 0 0 0
1 0.576 85039 16.21364802699827 0 13 211952 133648 0.6305578621574696
0 0.576 85039 4.298149019999983 0 13 0 0 0
1 0.288 78486 16.347869396999158 1 14 211952 133318 0.629000905865479
0 0.288 78486 4.120303467003396 1 14 0 0 0
1 0.288 78486 16.27338993000012 0 14 211952 135128 0.6375405752245792
0 0.288 78487 4.118801923999854 0 14 0 0 0
1 0.192 73631 17.111709934000828 1 15 211952 132806 0.6265852645882086
0 0.192 73631 4.163491175000672 1 15 0 0 0
1 0.192 73645 17.056252146998304 0 15 211952 136654 0.6447403185626934
0 0.192 73645 4.1731997709975985 0 15 0 0 0
